# Made in Blockbench 4.2.3
mtllib retifier_valve.mtl

o cube
v 0.6176021328361703 0.06121979542912048 1.875
v 0.6176021328361703 0.06121979542912048 1.75
v 0.561219795429119 -0.11760213283617205 1.875
v 0.561219795429119 -0.11760213283617205 1.75
v 0.4387802045708784 0.11760213283617138 1.75
v 0.4387802045708784 0.11760213283617138 1.875
v 0.3823978671638272 -0.06121979542912115 1.75
v 0.3823978671638272 -0.06121979542912115 1.875
vt 0.046875 0.5234375
vt 0.0703125 0.5234375
vt 0.0703125 0.5
vt 0.046875 0.5
vt 0.046875 0.5234375
vt 0.0625 0.5234375
vt 0.0625 0.5
vt 0.046875 0.5
vt 0.046875 0.5234375
vt 0.0703125 0.5234375
vt 0.0703125 0.5
vt 0.046875 0.5
vt 0.046875 0.5234375
vt 0.0625 0.5234375
vt 0.0625 0.5
vt 0.046875 0.5
vt 0.046875 0.5234375
vt 0.0703125 0.5234375
vt 0.0703125 0.5078125
vt 0.046875 0.5078125
vt 0.046875 0.5234375
vt 0.0703125 0.5234375
vt 0.0703125 0.5078125
vt 0.046875 0.5078125
vn 0 0 -1
vn 0.9537169507482269 -0.30070579950427306 0
vn 0 0 1
vn -0.9537169507482269 0.30070579950427306 0
vn 0.30070579950427306 0.9537169507482269 0
vn -0.30070579950427306 -0.9537169507482269 0
usemtl m_0
f 4/4/1 7/3/1 5/2/1 2/1/1
f 3/8/2 4/7/2 2/6/2 1/5/2
f 8/12/3 3/11/3 1/10/3 6/9/3
f 7/16/4 8/15/4 6/14/4 5/13/4
f 6/20/5 1/19/5 2/18/5 5/17/5
f 7/24/6 4/23/6 3/22/6 8/21/6
o cube
v 0.45119444963183486 0.05305291533979506 1.8724372082033283
v 0.4612925189006639 0.08507989934671689 1.819725242840023
v 0.4194928622558063 -0.04749167440868041 1.8052747571599754
v 0.42959093152463534 -0.015464690401758574 1.75256279179667
v -0.19438788473874113 0.2918151365059043 1.819725242840023
v -0.20448595400757016 0.25978815249898246 1.8724372082033283
v -0.2260894721147697 0.19127054675742883 1.75256279179667
v -0.23618754138359874 0.159243562750507 1.8052747571599754
vt 0.0703125 0.6171875
vt 0.0703125 0.703125
vt 0.0859375 0.703125
vt 0.0859375 0.6171875
vt 0.0234375 0.6953125
vt 0.03125 0.6953125
vt 0.03125 0.6796875
vt 0.0234375 0.6796875
vt 0.0390625 0.6171875
vt 0.0390625 0.703125
vt 0.0546875 0.703125
vt 0.0546875 0.6171875
vt 0.09375 0.671875
vt 0.1015625 0.671875
vt 0.1015625 0.65625
vt 0.09375 0.65625
vt 0.0703125 0.609375
vt 0.0703125 0.6953125
vt 0.078125 0.6953125
vt 0.078125 0.609375
vt 0.078125 0.625
vt 0.078125 0.7109375
vt 0.0859375 0.7109375
vt 0.0859375 0.625
vn 0.16156910830126445 0.5124317441107494 -0.8433914458128859
vn 0.9537169507482269 -0.300705799504273 0
vn -0.16156910830126445 -0.5124317441107494 0.8433914458128859
vn -0.9537169507482269 0.300705799504273 0
vn 0.2536126990082286 0.8043567179878038 0.5372996083468238
vn -0.2536126990082286 -0.8043567179878038 -0.5372996083468238
usemtl m_0
f 12/28/7 15/27/7 13/26/7 10/25/7
f 11/32/8 12/31/8 10/30/8 9/29/8
f 16/36/9 11/35/9 9/34/9 14/33/9
f 15/40/10 16/39/10 14/38/10 13/37/10
f 14/44/11 9/43/11 10/42/11 13/41/11
f 15/48/12 12/47/12 11/46/12 16/45/12
o cube
v 1.2361875413835977 -0.15924356275050622 1.8052747571599759
v 1.2260894721147686 -0.19127054675742805 1.7525627917966704
v 1.204485954007569 -0.2597881524989818 1.872437208203329
v 1.19438788473874 -0.2918151365059036 1.8197252428400235
v 0.5704090684753624 0.015464690401759906 1.7525627917966704
v 0.5805071377441915 0.04749167440868174 1.8052747571599759
v 0.5387074810993339 -0.08507989934671589 1.8197252428400235
v 0.5488055503681629 -0.05305291533979406 1.872437208203329
vt 0.0859375 0.609375
vt 0.0859375 0.6953125
vt 0.1015625 0.6953125
vt 0.1015625 0.609375
vt 0.0234375 0.65625
vt 0.03125 0.65625
vt 0.03125 0.640625
vt 0.0234375 0.640625
vt 0.0625 0.6171875
vt 0.0625 0.703125
vt 0.078125 0.703125
vt 0.078125 0.6171875
vt 0.0234375 0.65625
vt 0.03125 0.65625
vt 0.03125 0.640625
vt 0.0234375 0.640625
vt 0.0703125 0.6015625
vt 0.0703125 0.6875
vt 0.078125 0.6875
vt 0.078125 0.6015625
vt 0.09375 0.609375
vt 0.09375 0.6953125
vt 0.1015625 0.6953125
vt 0.1015625 0.609375
vn -0.16156910830126445 -0.5124317441107494 -0.8433914458128859
vn 0.9537169507482269 -0.300705799504273 0
vn 0.16156910830126445 0.5124317441107494 0.8433914458128859
vn -0.9537169507482269 0.300705799504273 0
vn 0.2536126990082286 0.8043567179878038 -0.5372996083468238
vn -0.2536126990082286 -0.8043567179878038 0.5372996083468238
usemtl m_0
f 20/52/13 23/51/13 21/50/13 18/49/13
f 19/56/14 20/55/14 18/54/14 17/53/14
f 24/60/15 19/59/15 17/58/15 22/57/15
f 23/64/16 24/63/16 22/62/16 21/61/16
f 22/68/17 17/67/17 18/66/17 21/65/17
f 23/72/18 20/71/18 19/70/18 24/69/18
o cube
v 0.7597881524989831 0.7044859540075692 1.8724372082033287
v 0.791815136505905 0.6943878847387401 1.8197252428400232
v 0.5530529153397954 0.04880555036816325 1.8724372082033287
v 0.5850798993467172 0.038707481099334196 1.8197252428400232
v 0.6912705467574293 0.7260894721147688 1.7525627917966702
v 0.6592435627505074 0.7361875413835979 1.8052747571599757
v 0.48453530959824165 0.07040906847536277 1.7525627917966702
v 0.4525083255913198 0.08050713774419183 1.8052747571599757
vt 0.0625 0.703125
vt 0.078125 0.703125
vt 0.078125 0.6171875
vt 0.0625 0.6171875
vt 0.0625 0.703125
vt 0.0703125 0.703125
vt 0.0703125 0.6171875
vt 0.0625 0.6171875
vt 0.0625 0.703125
vt 0.078125 0.703125
vt 0.078125 0.6171875
vt 0.0625 0.6171875
vt 0.0625 0.703125
vt 0.0703125 0.703125
vt 0.0703125 0.6171875
vt 0.0625 0.6171875
vt 0.0625 0.703125
vt 0.078125 0.703125
vt 0.078125 0.6953125
vt 0.0625 0.6953125
vt 0.0625 0.703125
vt 0.078125 0.703125
vt 0.078125 0.6953125
vt 0.0625 0.6953125
vn 0.5124317441107494 -0.16156910830126445 -0.8433914458128859
vn 0.8043567179878038 -0.2536126990082286 0.5372996083468238
vn -0.5124317441107494 0.16156910830126445 0.8433914458128859
vn -0.8043567179878038 0.2536126990082286 -0.5372996083468238
vn 0.300705799504273 0.9537169507482269 0
vn -0.300705799504273 -0.9537169507482269 0
usemtl m_0
f 28/76/19 31/75/19 29/74/19 26/73/19
f 27/80/20 28/79/20 26/78/20 25/77/20
f 32/84/21 27/83/21 25/82/21 30/81/21
f 31/88/22 32/87/22 30/86/22 29/85/22
f 30/92/23 25/91/23 26/90/23 29/89/23
f 31/96/24 28/95/24 27/94/24 32/93/24
o cube
v 0.5474916744086817 -0.08050713774419371 1.8052747571599754
v 0.5154646904017599 -0.07040906847536466 1.7525627917966702
v 0.3407564372494942 -0.7361875413835988 1.8052747571599754
v 0.3087294532425724 -0.7260894721147697 1.7525627917966702
v 0.41492010065328416 -0.03870748109933597 1.8197252428400232
v 0.446947084660206 -0.04880555036816503 1.8724372082033285
v 0.2081848634940967 -0.6943878847387412 1.8197252428400232
v 0.24021184750101854 -0.7044859540075703 1.8724372082033285
vt 0.0703125 0.6875
vt 0.0859375 0.6875
vt 0.0859375 0.6015625
vt 0.0703125 0.6015625
vt 0.0703125 0.6875
vt 0.078125 0.6875
vt 0.078125 0.6015625
vt 0.0703125 0.6015625
vt 0.0703125 0.6875
vt 0.0859375 0.6875
vt 0.0859375 0.6015625
vt 0.0703125 0.6015625
vt 0.0703125 0.6875
vt 0.078125 0.6875
vt 0.078125 0.6015625
vt 0.0703125 0.6015625
vt 0.0703125 0.6875
vt 0.0859375 0.6875
vt 0.0859375 0.6796875
vt 0.0703125 0.6796875
vt 0.0703125 0.6875
vt 0.0859375 0.6875
vt 0.0859375 0.6796875
vt 0.0703125 0.6796875
vn -0.5124317441107494 0.16156910830126445 -0.8433914458128859
vn 0.8043567179878038 -0.2536126990082286 -0.5372996083468238
vn 0.5124317441107494 -0.16156910830126445 0.8433914458128859
vn -0.8043567179878038 0.2536126990082286 0.5372996083468238
vn 0.300705799504273 0.9537169507482269 0
vn -0.300705799504273 -0.9537169507482269 0
usemtl m_0
f 36/100/25 39/99/25 37/98/25 34/97/25
f 35/104/26 36/103/26 34/102/26 33/101/26
f 40/108/27 35/107/27 33/106/27 38/105/27
f 39/112/28 40/111/28 38/110/28 37/109/28
f 38/116/29 33/115/29 34/114/29 37/113/29
f 39/120/30 36/119/30 35/118/30 40/117/30